[1]
PrimaryColor=0x84EFC6,157,44,93,0x63D6B5,162,53,83,0x399494,180,61,58,0x184A4A,180,67,29
SecondaryColor=0x8DFF73,88,54,100,0xA5D642,79,69,83,0x73AD31,88,71,67,0x526329,77,58,38
EyeColor=0xFF6B63,3,61,100,0xEF2139,353,86,93,0xAD0031,343,100,67 
MouthColor=0xFF6B63,3,61,100,0xEF2139,353,86,93,0xAD0031,343,100,67
ShadingColor=0xFFFFFF,0,0,100,0xCECECE,0,0,80,0x101010,0,0,6
Body=64,76,102,80
Head=80,82
BodyBack=88,123,70,170
HeadBack=64,100
[2]
[3]
[4]
PrimaryColor=0xFFC562,37,61,100,0xFF9441,26,74,100,0xDE5239,9,74,87,0x8B2900,17,100,54 
SecondaryColor=0xFFD57B,40,51,100,0xE6AC5A,35,60,90
TertiaryColor=0xFFD508,49,96,100,0xF6A400,40,100,96,0xE63900,14,100,90 
EyeColor=0x94CDDE,193,33,87,0x41A47B,155,60,64,0x184A31,150,67,29
MouthColor=0xE63900,14,100,90
ShadingColor=0xFFFFFF,0,0,100,0xB4B4B4,0,0,70,0x101010,0,0,6
Body=34,13,53,34
Head=29,44
Tail=16,43
BodyBack=95,111,65,154
HeadBack=23,61
TailBack=60,72
[5]
[6]
[7]
PrimaryColor=0xB4F6EE,172,26,96,0x94D5CD,172,30,83,0x5AAC9C,168,47,67,0x417362,159,43,45
SecondaryColor=0xFFD56A,43,58,100,0xE6AC5A,35,60,90,0xCD7B29,29,80,80,0x7B3108,21,93,48
TertiaryColor=0xD59452,30,61,83,0xBD6A00,33,70,74,0x622900,25,100,38
EyeColor=0xCD7B29,29,80,80,0x7B3108,21,93,48
MouthColor=0xCD7B29,29,80,80,0x7B3108,21,93,48
ShadingColor=0xFFFFFF,0,0,100,0xCDC5C5,0,3,80,0x101010,0,0,6
Body=38,22,63,48
Head=30,34 
Tail=12,37
BodyBack=90,89,72,159
HeadBack=28,54 
TailBack=57,46 
[8]
[9]
[10]
[11]
[12]
[13]
[14]
[15]
[16]
[17]
[18]
[19]
[20]
[21]
[22]
[23]
[24]
[25]
[26]
[27]
[28]
[29]
[30]